#C data file created using the SS_writedat function in the R package r4ss
#C should work with SS version: 
#C file write time: 2014-12-17 09:59:09
#
1978 #_styr
2013 #_endyr
1 #_nseas
12 #_months_per_seas
1 #_spawn_seas
1 #_Nfleet
1 #_Nsurveys
1 #_N_areas
fishery%survey #_fleetnames
0.5 0.5 #_surveytiming_in_season
1 1 #_area_assignments_for_each_fishery_and_survey
1 #_units of catch:  1=bio; 2=num
0.001 #_se of log(catch) only used for init_eq_catch and for Fmethod 2 and 3
1 #_Ngenders
35 #_Nages
99.7102 #_init_equil_catch_for_each_fishery
36 #_N_lines_of_catch_to_read
 #_fishery year seas
     0.000 1978    1
  2536.510 1979    1
  2002.630 1980    1
  1664.310 1981    1
  1057.010 1982    1
  1001.560 1983    1
   703.634 1984    1
   761.691 1985    1
   764.104 1986    1
   871.786 1987    1
   920.075 1988    1
   877.159 1989    1
  1163.640 1990    1
   840.274 1991    1
   779.329 1992    1
   709.132 1993    1
   753.455 1994    1
   559.519 1995    1
   416.402 1996    1
   367.260 1997    1
   313.300 1998    1
   349.664 1999    1
   480.228 2000    1
   557.878 2001    1
   940.574 2002    1
  1172.680 2003    1
  1165.540 2004    1
  1171.410 2005    1
  1326.280 2006    1
  1459.210 2007    1
  1932.970 2008    1
  2212.890 2009    1
  2769.930 2010    1
  3421.270 2011    1
  3177.080 2012    1
  2616.790 2013    1
16 #_N_cpue
 #_Fleet Units Errtype
       1     1       0
       2     1       0
 #_year seas index       obs se_log
   1978    1     1 6638.2793   0.05
   1983    1     1 1578.4748   0.05
   1988    1     1 1801.3788   0.05
   1993    1     1 1194.7691   0.05
   1998    1     1  414.6091   0.05
   2003    1     1 1484.6182   0.05
   2008    1     1 3025.3799   0.05
   2013    1     1 4255.3333   0.05
   1978    1     2 1136.9627   0.05
   1983    1     2 1100.1466   0.05
   1988    1     2 1187.8668   0.05
   1993    1     2  443.8687   0.05
   1998    1     2  827.6633   0.05
   2003    1     2 1680.9431   0.05
   2008    1     2 6013.1517   0.05
   2013    1     2 3405.8264   0.05
0 #_N_discard_fleets
#_discard_units (1=same_as_catchunits(bio/num); 2=fraction; 3=numbers)
#_discard_errtype:  >0 for DF of T-dist(read CV below); 0 for normal with CV; -1 for normal with se; -2 for lognormal
0 #_N_discard
0 #_N_meanbodywt
0 #_DF_for_meanbodywt_T-distribution_like
2 # length bin method: 1=use databins; 2=generate from binwidth,min,max below; 3=read vector
2 # binwidth for population size comp
10 # minimum size in the population (lower edge of first bin and size at age 0.00)
120 # maximum size in the population (lower edge of last bin)
-1 #_comp_tail_compression
1e-07 #_add_to_comp
0 #_combine males into females at or below this bin number
40 #_N_lbins
#_lbin_vector
14 16 18 20 22 24 26 28 30 32 34 36 38 40 42 44 46 48 50 52 54 56 58 60 62 64 66 68 70 72 74 76 78 80 82 84 86 88 90 92
16 #_N_Length_comp_observations
 #_Yr Seas FltSvy Gender Part Nsamp          l14           l16           l18          l20          l22          l24          l26          l28         l30         l32         l34         l36         l38          l40          l42          l44          l46          l48          l50           l52          l54           l56           l58           l60           l62           l64          l66          l68          l70          l72          l74           l76           l78           l80           l82           l84           l86           l88          l90          l92
 1978    1      1      0    0   100 1.694537e-20  3.602676e-38  8.477040e-90 1.345695e-06 3.649758e-04 4.225067e-15 1.098936e-08 0.0025106901 0.005224491 0.003232991 0.001598440 0.004033022 0.008401135 0.0359178387 0.0798558438 6.560924e-02 6.852177e-02 8.011236e-02 6.235854e-02  6.094705e-02 4.422274e-02  2.546084e-02  7.477408e-02  6.894233e-02  1.125602e-01  9.241579e-03 9.900585e-03 4.769557e-02 4.925080e-02 2.349488e-02 9.104727e-03  5.829398e-03  1.023495e-02  2.640916e-02  2.575430e-03  1.502749e-04  1.491420e-04  1.296270e-03 6.756926e-07 1.659860e-05
 1983    1      1      0    0   100 2.801979e-07  1.027578e-13  2.557609e-11 1.472286e-07 2.455630e-07 1.990081e-04 1.919516e-03 0.0450173634 0.007113673 0.016151724 0.009385712 0.027526023 0.083518305 0.1028434766 0.0879319822 9.282276e-02 6.772197e-02 5.731007e-02 1.021141e-01  3.879595e-02 2.462901e-02  5.651641e-02  2.420491e-02  1.800993e-02  6.873124e-02  1.739426e-02 2.416942e-02 2.910671e-03 4.118346e-04 2.037313e-02 5.464303e-08  5.839304e-04  1.618092e-05  1.657966e-03  3.241307e-07  7.263913e-07  1.771005e-05  2.669040e-36 1.570959e-19 1.858804e-16
 1988    1      1      0    0   100 2.497527e-24  8.185003e-26  3.672354e-30 5.338322e-04 4.565460e-11 7.451568e-04 2.187076e-04 0.0003505919 0.005363770 0.040411250 0.023204424 0.028720693 0.025366688 0.0422673664 0.0546885099 5.332617e-02 1.751772e-01 7.030816e-02 1.124393e-01  1.261334e-01 9.691647e-02  6.657113e-02  4.681474e-02  2.210671e-02  5.970014e-03  1.156930e-03 4.752353e-04 9.547172e-06 2.901649e-04 2.900886e-11 1.503488e-12  4.326760e-04  2.716636e-20  1.231198e-06  3.727652e-82  1.712106e-34  6.548996e-65  8.525681e-56 1.262493e-16 4.647929e-24
 1993    1      1      0    0   100 6.791507e-04  2.351152e-47  6.629652e-15 5.350416e-11 5.157654e-09 7.278627e-06 1.932174e-04 0.0006998325 0.049664571 0.004586547 0.041276185 0.025035642 0.008559796 0.0720247238 0.0703108052 1.324445e-01 1.281750e-01 8.816972e-02 9.343119e-02  5.421272e-02 3.996935e-02  4.544131e-02  3.088719e-02  1.038304e-02  2.733202e-02  1.110825e-02 2.339011e-02 1.100547e-03 3.037122e-02 5.978604e-03 5.265651e-06  8.575281e-10  4.562152e-03  4.246089e-44 5.150888e-106  0.000000e+00  6.788918e-85  1.235405e-43 0.000000e+00 0.000000e+00
 1998    1      1      0    0   100 2.018009e-81  8.800300e-11  7.362799e-04 8.563135e-03 4.033352e-04 2.767683e-02 2.055823e-02 0.0174247375 0.004426375 0.044417169 0.065270118 0.080868484 0.040549117 0.1098360570 0.0939961289 1.138169e-01 6.971176e-02 8.128886e-02 3.813399e-02  5.562149e-02 5.148647e-02  4.187397e-02  9.037874e-03  2.881909e-03  6.750992e-04  1.510336e-02 2.690362e-03 2.539257e-03 7.812462e-09 3.688249e-25 2.726531e-30  1.594880e-71  3.979262e-04  1.475064e-05 1.855435e-275  1.157198e-57 1.727016e-162 3.216119e-219 0.000000e+00 0.000000e+00
 2003    1      1      0    0   100 1.521068e-05  5.712622e-03  2.304594e-07 1.966227e-03 1.766011e-03 6.562664e-07 5.328747e-04 0.0000342378 0.006225134 0.029068933 0.014156883 0.085737739 0.102474867 0.0323613308 0.0766550713 1.204519e-01 1.034381e-01 1.116469e-01 1.196049e-01  1.234019e-01 4.939302e-02  6.006211e-03  6.992180e-03  1.981020e-03  9.938920e-07  4.255074e-08 1.826294e-15 3.747937e-04 2.785236e-22 5.600320e-35 0.000000e+00  1.051719e-22 5.543770e-254  0.000000e+00  0.000000e+00  0.000000e+00  0.000000e+00  0.000000e+00 0.000000e+00 0.000000e+00
 2008    1      1      0    0   100 1.012066e-30  0.000000e+00  3.980560e-04 6.770702e-16 1.383002e-03 7.963125e-03 1.861243e-02 0.0391651253 0.034671049 0.066421000 0.042529068 0.033386700 0.049287429 0.0813714364 0.1483954567 1.137537e-01 1.089378e-01 6.861437e-02 3.208222e-02  6.620003e-02 1.168556e-02  3.517619e-02  2.971365e-02  3.959739e-03  4.378753e-04  2.590698e-04 5.585293e-03 3.082502e-06 5.247869e-12 7.526493e-06 1.494244e-16  4.992822e-33  0.000000e+00  0.000000e+00  0.000000e+00  0.000000e+00 1.484811e-168  0.000000e+00 0.000000e+00 0.000000e+00
 2013    1      1      0    0   100 0.000000e+00  7.170979e-52 1.055568e-152 2.399043e-63 5.638542e-09 3.131216e-03 8.094467e-04 0.0088532319 0.031842375 0.038964323 0.030412704 0.041019738 0.040100782 0.0429832306 0.0701246267 6.997046e-02 1.521693e-01 1.259310e-01 9.124238e-02  7.877268e-02 8.014484e-02  4.049077e-02  1.688067e-02  1.099562e-02  4.593632e-03  4.205479e-03 1.118841e-02 4.695564e-08 5.170517e-03 2.559560e-06 1.469759e-11  1.177805e-44  3.479999e-24  0.000000e+00  0.000000e+00 1.390335e-157 3.123832e-245  0.000000e+00 0.000000e+00 0.000000e+00
 1978    1      2      0    0   100 0.000000e+00  4.431178e-47  2.318447e-13 1.188071e-02 1.428556e-02 1.174220e-01 1.179732e-01 0.0722334699 0.172933920 0.172490956 0.161371473 0.069965674 0.043901006 0.0184247237 0.0082305296 4.952232e-06 5.645946e-07 1.530595e-05 8.996911e-07  9.219276e-04 1.801626e-04  1.091223e-12  4.456397e-03  9.618851e-10  2.545548e-06  1.330373e-02 4.518720e-24 3.175983e-07 6.761614e-30 1.075915e-08 7.287024e-37  3.167004e-19  2.331157e-14  2.158725e-26  1.194942e-55  1.556807e-46  0.000000e+00 2.442906e-242 1.230954e-81 3.040093e-60
 1983    1      2      0    0   100 0.000000e+00  0.000000e+00  2.748923e-16 2.031997e-05 3.219204e-02 6.475796e-02 2.201976e-01 0.1654225198 0.137200769 0.132117112 0.126119854 0.054045381 0.035578412 0.0224212278 0.0094240453 4.500199e-15 3.521655e-04 6.747485e-11 7.371840e-25  1.505991e-04 1.082050e-42  1.422106e-11  1.820732e-29  5.080493e-33  1.735152e-26  3.191768e-66 9.556293e-14 1.506283e-80 2.002866e-40 1.053213e-58 3.837380e-73 1.193682e-235  7.173465e-19  0.000000e+00 5.116369e-147  0.000000e+00  0.000000e+00  0.000000e+00 0.000000e+00 0.000000e+00
 1988    1      2      0    0   100 0.000000e+00  0.000000e+00  8.246223e-33 6.981663e-06 6.514874e-02 3.412290e-02 1.040112e-01 0.1746982604 0.206729294 0.140330937 0.138280268 0.079192877 0.043066809 0.0033361815 0.0085889945 1.334203e-03 3.694696e-04 7.787108e-04 9.965203e-18  4.175696e-06 1.148205e-21  3.451259e-18 4.699814e-134 1.069312e-184  1.413841e-63  6.589580e-56 0.000000e+00 4.867671e-17 2.010737e-51 5.980194e-44 0.000000e+00  0.000000e+00  0.000000e+00  0.000000e+00  0.000000e+00  0.000000e+00  0.000000e+00  0.000000e+00 0.000000e+00 0.000000e+00
 1993    1      2      0    0   100 0.000000e+00 2.645156e-110  6.512166e-10 4.903196e-06 2.108770e-03 3.203893e-02 1.156998e-01 0.1987574442 0.232823849 0.185488497 0.095460922 0.081192124 0.041417634 0.0121562217 0.0024582840 6.751468e-06 2.589650e-05 9.238214e-06 4.178908e-08  4.828048e-07 1.557580e-04  7.406620e-08  1.943554e-04  1.743109e-44  6.070472e-14  6.801007e-27 1.913278e-52 1.073604e-28 1.050731e-75 1.474959e-47 1.773857e-39 6.186664e-155 1.174816e-157 5.307326e-274  0.000000e+00  0.000000e+00  0.000000e+00  0.000000e+00 0.000000e+00 0.000000e+00
 1998    1      2      0    0   100 0.000000e+00  0.000000e+00  9.419341e-04 1.071880e-02 3.119378e-02 1.793826e-01 1.881203e-01 0.1858796904 0.125046083 0.084247745 0.069317049 0.061824899 0.059588089 0.0030958036 0.0006175463 2.563765e-05 1.037334e-39 2.666234e-15 8.419968e-11 1.374529e-105 1.130542e-96  2.928650e-92 2.010760e-178 5.381665e-247 1.561523e-154 1.048774e-167 0.000000e+00 0.000000e+00 0.000000e+00 0.000000e+00 0.000000e+00  0.000000e+00  0.000000e+00  0.000000e+00  0.000000e+00  0.000000e+00  0.000000e+00  0.000000e+00 0.000000e+00 0.000000e+00
 2003    1      2      0    0   100 0.000000e+00  3.113452e-19  5.073718e-05 2.217248e-03 5.554666e-03 2.457824e-02 8.709245e-02 0.0787903553 0.245719068 0.187969139 0.197382252 0.087092704 0.068675839 0.0007320746 0.0119908398 1.808859e-03 8.808828e-05 1.621950e-06 4.526279e-18  1.162922e-20 2.558114e-04 7.552140e-102  7.751498e-27  3.882080e-71 1.161015e-267 5.480019e-307 5.347767e-62 0.000000e+00 0.000000e+00 0.000000e+00 0.000000e+00  0.000000e+00  0.000000e+00  0.000000e+00  0.000000e+00  0.000000e+00  0.000000e+00  0.000000e+00 0.000000e+00 0.000000e+00
 2008    1      2      0    0   100 0.000000e+00  0.000000e+00 1.302159e-135 3.662556e-04 4.853027e-03 5.798874e-02 2.230755e-01 0.2271535016 0.219461032 0.095903356 0.107788350 0.016516212 0.003085621 0.0259126404 0.0108633456 4.833110e-04 6.549094e-03 1.602095e-12 1.402522e-19  5.502483e-28 5.309126e-26  9.683764e-61 2.933104e-137  1.236264e-45 2.985988e-310  0.000000e+00 0.000000e+00 0.000000e+00 0.000000e+00 0.000000e+00 0.000000e+00  0.000000e+00  0.000000e+00  0.000000e+00  0.000000e+00  0.000000e+00  0.000000e+00  0.000000e+00 0.000000e+00 0.000000e+00
 2013    1      2      0    0   100 0.000000e+00  0.000000e+00  1.326869e-39 5.350746e-06 2.269268e-02 3.016530e-02 1.576843e-01 0.1557604961 0.239025358 0.177733970 0.074557636 0.068548016 0.054699621 0.0091718773 0.0005600532 9.391042e-03 5.940817e-18 8.461247e-09 4.761877e-08  2.270091e-10 4.285331e-06  3.544531e-16  2.559862e-38  3.266746e-34  2.429129e-42  0.000000e+00 6.194510e-58 0.000000e+00 0.000000e+00 0.000000e+00 0.000000e+00  0.000000e+00  0.000000e+00  0.000000e+00  0.000000e+00  0.000000e+00  0.000000e+00  0.000000e+00 0.000000e+00 0.000000e+00
32 #_N_agebins
#_agebin_vector
1 2 3 4 5 6 7 8 9 10 11 12 13 14 15 16 17 18 19 20 21 22 23 24 25 26 27 28 29 30 31 32
1 #_N_ageerror_definitions
 #_age0 age1 age2 age3 age4 age5 age6 age7 age8 age9 age10 age11 age12 age13 age14 age15 age16 age17 age18 age19 age20 age21 age22 age23 age24 age25 age26 age27 age28 age29 age30 age31 age32 age33 age34 age35
     -1   -1   -1   -1   -1   -1   -1   -1   -1   -1    -1    -1    -1    -1    -1    -1    -1    -1    -1    -1    -1    -1    -1    -1    -1    -1    -1    -1    -1    -1    -1    -1    -1    -1    -1    -1
     -1   -1   -1   -1   -1   -1   -1   -1   -1   -1    -1    -1    -1    -1    -1    -1    -1    -1    -1    -1    -1    -1    -1    -1    -1    -1    -1    -1    -1    -1    -1    -1    -1    -1    -1    -1
16 #_N_agecomp
2 #_Lbin_method: 1=poplenbins; 2=datalenbins; 3=lengths
0 #_combine males into females at or below this bin number
 #_Yr Seas FltSvy Gender Part Ageerr Lbin_lo Lbin_hi Nsamp         a1         a2         a3         a4         a5         a6         a7         a8         a9        a10        a11         a12         a13         a14          a15          a16          a17          a18          a19           a20           a21           a22           a23           a24           a25           a26           a27           a28           a29           a30           a31           a32
 1978    1      1      0    0      1      -1      -1   100 0.01856773 0.01436119 0.01862448 0.01575424 0.03689904 0.04157423 0.03968870 0.05044029 0.09251276 0.06154935 0.08956313 0.106502471 0.075595199 0.040866235 0.0714711728 4.779454e-02 1.664308e-02 7.171762e-02 1.376234e-02  1.020648e-02  7.427684e-03  9.625927e-03  4.431359e-03  2.828596e-03  2.096394e-02  1.264195e-04  3.340114e-03  1.715382e-04  3.466564e-03  2.623534e-05  1.742847e-06  1.349561e-02
 1983    1      1      0    0      1      -1      -1   100 0.02866830 0.06163786 0.02330953 0.03496536 0.03277822 0.07267930 0.13048206 0.10777523 0.07384554 0.07023082 0.04128997 0.070178950 0.060938553 0.031994537 0.0447538266 2.279125e-02 4.564732e-02 1.512563e-02 3.613156e-03  6.708977e-03  4.455416e-03  9.199556e-03  3.210299e-03  3.175734e-04  4.041906e-04  3.319793e-05  2.203377e-03  1.850110e-06  3.925207e-05  3.846195e-04  3.105600e-05  3.052079e-04
 1988    1      1      0    0      1      -1      -1   100 0.04010006 0.03963439 0.01365967 0.02224231 0.06782142 0.13720756 0.04714175 0.08178134 0.06063932 0.11149547 0.09125790 0.074658842 0.018529932 0.039193734 0.0280555293 6.689624e-02 5.419936e-02 2.115798e-03 3.098206e-04  2.758993e-04  2.043747e-03  7.362064e-04  3.709794e-06  1.508886e-15  2.514505e-13  9.846974e-18  5.979560e-41  2.498520e-14  1.115069e-09 1.622051e-143 2.084178e-195  3.762764e-42
 1993    1      1      0    0      1      -1      -1   100 0.02835767 0.01470861 0.03071358 0.07572868 0.07048003 0.03765128 0.09574889 0.05186681 0.08031767 0.08257748 0.08992196 0.067099910 0.056607277 0.057743193 0.0586581205 3.334935e-02 1.569867e-02 2.237282e-02 1.898351e-02  1.061724e-02  7.964192e-04  5.252389e-07  3.015808e-10  5.753991e-15  3.206452e-09  7.919176e-25  3.003376e-55  2.913809e-07  0.000000e+00  0.000000e+00  0.000000e+00  2.248946e-65
 1998    1      1      0    0      1      -1      -1   100 0.10166558 0.03511587 0.07112677 0.05572640 0.08455853 0.08093184 0.08950377 0.08778926 0.08282710 0.05562160 0.08108117 0.023760720 0.037618625 0.060374260 0.0228994794 1.965386e-02 1.059755e-03 3.441706e-03 2.640301e-03  4.412077e-06  1.005171e-04  3.693757e-07  2.498131e-03  4.615462e-13  1.091659e-64  5.190488e-46  4.438733e-69  0.000000e+00  0.000000e+00  4.398004e-44  0.000000e+00  0.000000e+00
 2003    1      1      0    0      1      -1      -1   100 0.11710110 0.07127186 0.04618255 0.04286685 0.05607550 0.07035279 0.04857019 0.05440997 0.11735126 0.07553964 0.05181343 0.090495298 0.078438638 0.008998619 0.0194701198 1.883393e-02 1.983012e-02 9.016701e-03 3.001180e-03  8.285688e-06  1.234014e-04  3.660849e-16  2.485511e-04 8.210766e-112 2.175368e-133  6.630595e-93  0.000000e+00  0.000000e+00  0.000000e+00 4.298371e-322  0.000000e+00  0.000000e+00
 2008    1      1      0    0      1      -1      -1   100 0.08701336 0.04662276 0.04518974 0.08110722 0.06701523 0.07070778 0.08712355 0.08338256 0.10976540 0.07918203 0.04590708 0.070760604 0.020293179 0.050367362 0.0149732032 2.587033e-02 7.650179e-03 1.390275e-03 4.988962e-03  1.194586e-07  1.575506e-04  2.010448e-06  5.295129e-04  1.157802e-11  1.476802e-86  1.005722e-09 1.494280e-241  0.000000e+00  0.000000e+00  0.000000e+00  0.000000e+00  0.000000e+00
 2013    1      1      0    0      1      -1      -1   100 0.09548305 0.03648802 0.01318083 0.01390931 0.04551594 0.06931662 0.09338902 0.10604851 0.14765927 0.01971686 0.11556720 0.054431896 0.053591009 0.031335941 0.0303331792 2.247922e-02 1.016426e-02 9.351293e-03 2.251020e-03  2.210220e-02  7.685094e-03  2.341841e-07  1.377814e-10  6.992337e-13  4.500554e-12  9.126144e-11 4.080984e-123 8.278093e-111  0.000000e+00  0.000000e+00 9.885061e-106  0.000000e+00
 1978    1      2      0    0      1      -1      -1   100 0.11379502 0.04371079 0.07670424 0.05971015 0.10812099 0.11896144 0.09087563 0.10931004 0.09911617 0.07180762 0.01909929 0.037606241 0.020466666 0.013843011 0.0041506086 3.875573e-05 2.995427e-03 7.977245e-04 5.118782e-19  2.863101e-22  8.889269e-03  2.322269e-22  1.400263e-36  1.317787e-07  3.919611e-10  2.055515e-09  4.593252e-22  4.533549e-95  7.739446e-07  2.789767e-46 3.632273e-192  4.191852e-76
 1983    1      2      0    0      1      -1      -1   100 0.15187521 0.05437377 0.06916523 0.12216693 0.07985325 0.08707025 0.06629323 0.14410059 0.04360291 0.07072505 0.03807316 0.028972191 0.016801787 0.009068879 0.0171464454 4.957403e-05 6.715875e-10 6.615430e-04 1.324663e-15  2.012272e-32  8.309858e-34  1.211518e-20  6.958311e-48  2.265260e-20 2.672636e-279 2.614018e-298  0.000000e+00  0.000000e+00 1.138251e-140  0.000000e+00  0.000000e+00 9.265550e-214
 1988    1      2      0    0      1      -1      -1   100 0.14803048 0.05866645 0.07661064 0.12319759 0.07427394 0.08585029 0.10982863 0.07362106 0.06655112 0.06216651 0.03023308 0.029616667 0.031400083 0.006365429 0.0107985303 3.823326e-05 1.526171e-03 1.122508e-02 7.432803e-12  1.555527e-08  2.401277e-78 7.728448e-113 3.893508e-202  0.000000e+00  0.000000e+00  0.000000e+00  0.000000e+00 6.279938e-192  0.000000e+00  0.000000e+00  0.000000e+00  0.000000e+00
 1993    1      2      0    0      1      -1      -1   100 0.13365817 0.07882511 0.07382351 0.10355944 0.06735504 0.14513207 0.08678537 0.07109609 0.10415204 0.02044576 0.02223529 0.058488965 0.027697620 0.003532208 0.0002211058 3.147489e-06 2.989060e-03 2.196228e-11 3.093745e-18  5.365897e-33  5.253707e-12  1.172230e-52  2.778676e-65  2.140492e-55  0.000000e+00  7.565654e-94  0.000000e+00  0.000000e+00  0.000000e+00  0.000000e+00  0.000000e+00  0.000000e+00
 1998    1      2      0    0      1      -1      -1   100 0.20950026 0.06719533 0.08186608 0.13288492 0.07413204 0.11871646 0.05042119 0.07681868 0.03357239 0.02198221 0.07080320 0.007184847 0.005238241 0.010779551 0.0083142051 2.818538e-02 1.182753e-06 2.403833e-03 6.182739e-14 2.970200e-188 4.214888e-108  0.000000e+00 7.872783e-155  0.000000e+00  0.000000e+00  0.000000e+00  0.000000e+00  0.000000e+00  0.000000e+00  0.000000e+00  0.000000e+00  0.000000e+00
 2003    1      2      0    0      1      -1      -1   100 0.10743597 0.11352322 0.04482160 0.04908332 0.09438650 0.10409699 0.08456729 0.09928788 0.06829518 0.06447590 0.03566672 0.058533377 0.043524190 0.003375800 0.0222685389 4.254980e-03 7.439294e-08 1.238128e-15 2.402471e-03  6.155730e-17  2.188392e-71 2.741157e-149  6.982819e-20  0.000000e+00  0.000000e+00  0.000000e+00  0.000000e+00  0.000000e+00  0.000000e+00  0.000000e+00  5.915165e-79  0.000000e+00
 2008    1      2      0    0      1      -1      -1   100 0.16755992 0.04097002 0.06329161 0.09982341 0.16994813 0.07795371 0.13133440 0.08370341 0.07985087 0.01434665 0.02531201 0.028828085 0.002090933 0.005954915 0.0089349515 5.168678e-06 1.153819e-11 7.134443e-21 5.003436e-06  2.245919e-45  8.679832e-05 3.476901e-249  0.000000e+00  0.000000e+00  0.000000e+00  0.000000e+00  0.000000e+00  0.000000e+00  0.000000e+00  0.000000e+00  0.000000e+00  0.000000e+00
 2013    1      2      0    0      1      -1      -1   100 0.12824428 0.04335332 0.05050585 0.07587547 0.11028299 0.11430632 0.08298350 0.02807683 0.08550405 0.07347797 0.11541221 0.030921508 0.031669835 0.015511163 0.0055698949 7.280775e-04 1.657046e-08 7.568257e-03 6.382490e-10  8.452571e-06  2.571471e-30  3.697638e-30  0.000000e+00  0.000000e+00  0.000000e+00  0.000000e+00  0.000000e+00  0.000000e+00  0.000000e+00  0.000000e+00  0.000000e+00  0.000000e+00
0 #_N_MeanSize_at_Age_obs
1 #_N_environ_variables
0 #_N_environ_obs
0 #_N_sizefreq_methods
0 #_do_tags
0 #_morphcomp_data
#
999
